63.54
71.88
59.78
65.62
64.58
70.87
66.67
69.79
76.04
60.42
70.71
69.00
76.04
69.49
65.00
61.46
61.46
75.00
70.83
56.64
70.83
66.32
53.76
66.67
59.83
64.58
71.88
62.50
61.46
55.56
75.00
60.64
66.67
72.50
68.60
61.46
66.67
67.68
68.37
67.71
68.82
64.52
66.67
62.50
55.67
61.70
61.05
64.10
59.09
66.67
64.58
64.44
71.88
68.70
62.50
70.83
72.64
61.54
61.67
67.71
70.87
62.50
64.58
65.00
68.47
62.50
59.38
59.57
68.75
63.54
67.71
61.32
57.94
70.53
65.62
75.00
73.96
71.88
61.46
65.62
63.54
63.54
70.83
66.67
67.71
56.25
59.65
70.83
55.32
67.35
67.71
67.71
59.63
67.71
66.67
66.67
70.83
68.75
51.89
72.73
