25.00
31.25
18.75
12.50
12.50
30.00
15.62
21.88
41.67
24.24
27.50
15.00
50.00
12.50
12.50
25.00
0.00
37.50
34.38
7.50
20.00
25.00
0.00
29.41
0.00
27.27
22.22
8.11
25.00
9.68
31.25
25.00
25.00
20.00
34.38
25.00
25.00
15.00
25.00
25.71
34.38
25.00
12.82
12.50
0.00
25.00
28.12
17.50
25.00
31.25
12.50
12.50
25.71
20.00
12.50
33.33
32.50
12.50
14.89
11.11
42.50
0.00
12.50
0.00
12.50
12.50
0.00
12.50
27.27
12.50
25.00
0.00
5.00
25.00
12.50
43.75
34.38
21.88
21.88
25.00
12.50
25.00
25.00
12.50
25.00
0.00
0.00
25.00
0.00
25.00
15.79
16.67
10.00
23.68
32.50
25.00
37.50
21.88
0.00
15.00
