2194.75
2168.02
2264.30
2103.81
2236.18
2234.04
2128.45
2225.67
2164.31
2165.17
2193.51
2123.40
2261.19
2006.88
2202.90
1992.53
2264.61
2174.15
2134.54
2264.27
2213.94
2334.91
2188.16
2232.58
2158.74
2287.91
2060.84
2189.19
2338.07
2293.58
2400.72
2265.10
2154.28
2188.69
2074.89
2048.17
2090.47
2071.60
2140.20
2260.51
2163.02
2092.07
2159.22
2261.52
2025.64
2233.95
2051.22
2092.41
2107.10
2171.46
2309.31
2082.74
2159.78
2363.95
2194.76
2261.22
2185.39
2021.64
2186.34
2331.20
2145.24
2060.45
2269.12
1988.92
2234.38
2136.20
2109.86
2155.54
2053.84
2127.44
2195.03
2162.25
2165.77
2124.08
2293.50
2152.78
2233.33
2003.61
2162.90
2164.86
2062.52
2095.86
2092.08
2191.68
2162.91
2004.88
2366.88
2295.51
2126.60
1993.10
2082.29
1968.95
2020.85
2196.95
2189.88
2024.99
2093.37
2136.25
2167.27
2057.70
