2150.56
2220.44
2076.31
2164.95
2141.94
2012.53
2086.06
1983.11
1956.37
2378.64
2197.89
2060.02
2160.12
2203.76
2164.75
1992.28
2062.59
2025.93
2264.05
2221.05
2092.40
2130.84
2161.12
2160.36
2331.24
2087.95
2087.04
2129.96
2163.90
2160.94
2026.18
2292.55
2061.61
2057.23
2164.99
2055.29
2195.51
2265.21
2093.97
1893.08
2053.05
2233.71
2189.20
2167.51
2233.57
2234.34
2058.06
2186.38
2243.17
2233.94
2092.94
2194.79
2209.11
2267.31
2162.02
2235.23
2407.40
2161.47
2065.09
2127.95
2158.59
2257.22
1949.80
2042.62
2152.91
1939.96
2082.08
2250.97
2131.39
2231.36
2115.31
2246.39
2209.68
2161.53
2200.78
2044.91
2127.57
2268.00
2193.01
2054.23
2265.37
2164.08
2152.63
2146.55
2133.62
2252.19
2127.69
2094.81
2161.92
2048.68
2012.78
2061.45
2405.88
2052.04
2220.90
2319.30
2123.44
2093.89
2280.78
2281.35
