45.20
47.46
45.05
42.64
41.30
43.57
45.28
44.49
38.98
45.68
44.80
45.63
49.19
42.23
39.04
45.69
46.23
41.72
46.82
43.60
42.99
45.10
46.14
47.99
42.76
49.22
48.71
52.96
38.30
51.77
49.14
48.21
54.89
50.12
45.83
46.60
46.80
45.26
43.85
44.51
42.19
43.72
40.32
41.81
42.57
45.56
46.60
49.28
38.19
53.44
38.70
44.37
40.97
45.79
50.54
44.43
48.49
45.01
46.46
46.12
44.16
46.35
49.03
48.06
49.24
47.77
43.87
46.88
48.12
46.58
50.82
42.20
43.49
40.43
39.81
44.31
47.89
47.97
44.97
42.07
41.13
44.07
53.67
45.34
44.49
50.96
49.87
45.70
40.82
46.01
47.14
56.02
56.53
42.72
48.31
44.76
42.27
43.40
46.06
50.33
