29.32
36.33
30.86
22.63
19.17
26.29
34.26
30.60
11.29
33.80
32.76
31.64
43.15
23.28
12.50
30.83
34.58
21.98
37.11
26.72
23.39
27.78
33.75
37.50
26.21
44.91
41.52
52.42
12.74
47.73
46.19
39.06
58.15
42.28
32.66
35.08
35.42
33.19
28.45
28.33
20.31
26.21
13.60
20.00
19.85
32.92
37.50
44.30
10.08
56.05
12.93
25.69
18.95
33.47
46.37
29.04
38.49
28.12
34.17
33.76
25.76
34.75
42.92
40.83
41.57
38.69
28.57
36.84
37.50
36.68
45.56
20.31
24.32
17.50
13.82
29.44
40.09
39.92
31.90
24.14
18.55
25.56
56.25
30.83
30.80
46.21
44.92
33.47
17.74
33.65
36.67
62.25
65.42
22.66
38.61
28.21
24.17
25.00
32.14
47.66
