1544.06
1545.62
1550.99
1551.34
1553.46
1553.57
1546.74
1546.66
1554.45
1556.23
1534.94
1543.87
1553.74
1546.02
1550.12
1546.51
1555.41
1542.91
1555.39
1556.88
1552.99
1557.41
1570.75
1558.06
1553.50
1560.99
1539.97
1555.19
1542.32
1554.36
1561.88
1538.94
1549.23
1530.24
1554.60
1542.57
1535.90
1559.95
1536.42
1546.22
1556.99
1544.41
1555.12
1539.90
1545.49
1555.72
1548.51
1536.96
1555.77
1564.55
1550.00
1538.57
1551.07
1549.17
1560.13
1553.79
1553.24
1559.82
1559.05
1558.73
1545.62
1540.51
1553.91
1557.02
1553.82
1552.49
1564.14
1554.05
1546.50
1540.47
1556.38
1546.61
1561.48
1561.26
1556.50
1551.23
1532.34
1550.18
1549.30
1556.40
1540.37
1547.36
1542.91
1562.83
1537.99
1557.08
1563.29
1554.48
1546.57
1553.64
1539.14
1545.44
1561.81
1538.80
1551.23
1549.01
1554.17
1553.46
1562.14
1557.29
