37.50
50.00
50.00
37.50
37.50
37.50
25.00
37.50
50.00
25.00
37.50
37.50
37.50
62.50
50.00
25.00
50.00
25.00
50.00
62.50
37.50
50.00
75.00
37.50
50.00
62.50
37.50
50.00
37.50
37.50
25.21
50.00
50.09
50.09
62.65
49.92
37.54
62.76
50.08
50.00
37.50
37.50
25.00
50.00
37.50
37.50
50.00
37.50
12.50
37.50
37.50
37.50
50.00
62.50
25.21
50.17
37.48
37.65
37.54
37.50
37.54
37.48
25.21
25.00
50.00
62.50
37.50
50.00
50.00
37.50
50.00
50.00
37.50
37.50
50.00
50.00
37.50
62.50
50.00
37.50
37.50
37.50
50.00
37.69
50.08
49.91
62.50
62.50
62.50
62.50
37.50
12.50
37.50
37.50
37.50
62.50
37.50
50.00
50.00
62.50
25.00
37.50
50.00
25.21
37.63
37.52
37.69
37.76
50.25
50.25
50.00
50.17
62.59
50.00
50.00
50.00
62.50
50.00
37.50
62.50
50.00
62.50
37.50
37.50
50.00
37.50
50.00
50.00
49.75
75.04
50.17
50.17
50.17
50.00
37.69
37.76
37.35
50.00
62.50
37.50
37.50
12.50
50.00
50.00
50.00
50.00
37.50
37.50
50.00
25.00
25.00
50.00
37.52
37.46
50.00
50.08
62.71
50.09
50.00
37.65
62.46
49.83
50.00
37.50
25.00
37.50
62.50
25.00
37.50
62.50
50.00
37.50
50.00
62.50
37.50
50.00
37.59
50.17
50.09
50.00
25.00
37.44
37.50
37.50
37.50
50.00
25.00
50.00
50.00
50.00
37.50
62.50
62.50
25.00
50.00
37.50
37.50
37.50
62.50
25.00
