37.50
50.00
50.00
37.50
37.50
37.59
25.04
37.35
50.00
24.96
37.50
37.50
37.50
62.50
50.00
25.00
50.00
25.00
50.00
62.50
37.50
50.00
75.00
37.50
50.00
62.50
37.50
50.00
37.50
37.50
25.00
50.08
50.00
50.00
62.50
50.00
37.50
62.50
50.00
50.00
37.50
37.50
25.00
50.00
37.50
37.50
50.00
37.50
12.50
37.50
37.50
37.50
50.00
62.50
25.00
50.00
37.50
37.50
37.50
37.50
37.50
37.50
25.00
25.00
50.00
62.50
37.50
50.00
50.00
37.50
50.00
50.00
37.50
37.50
50.00
50.00
37.50
62.50
50.00
37.46
37.50
37.39
50.00
37.50
50.00
50.00
62.50
62.50
62.50
62.50
37.50
12.50
37.50
37.50
37.50
62.50
37.50
50.00
50.00
62.50
25.00
37.50
50.00
25.00
37.50
37.50
37.50
37.50
50.00
50.00
50.00
50.00
62.50
50.00
50.00
50.00
62.50
50.00
37.50
62.50
50.00
62.50
37.50
37.50
50.00
37.50
50.00
50.00
50.00
75.00
50.00
50.00
50.00
50.00
37.50
37.50
37.50
50.00
62.50
37.50
37.50
12.50
50.00
50.00
50.00
50.00
37.50
37.50
50.00
25.00
25.00
50.00
37.50
37.50
50.00
50.00
62.50
50.00
50.00
37.50
62.50
50.00
50.00
37.50
25.00
37.50
62.50
25.00
37.50
62.50
50.00
37.50
50.00
62.50
37.50
50.00
37.50
50.00
50.00
50.33
25.21
37.50
37.50
37.50
37.50
50.00
25.00
50.00
50.00
50.00
37.50
62.50
62.50
25.00
50.00
37.50
37.50
37.50
62.50
25.00
