33.80
12.48
25.09
37.50
12.50
35.46
37.50
12.50
12.50
12.50
22.05
12.50
29.17
14.58
25.00
12.50
20.25
12.50
27.78
13.02
35.62
25.00
26.37
29.62
37.50
25.00
21.58
12.50
12.50
12.50
12.67
1.71
25.00
12.50
40.62
25.00
12.50
37.50
12.50
12.50
19.10
36.11
25.00
36.82
12.50
44.35
12.50
12.50
25.00
41.95
12.50
25.00
25.00
12.50
15.75
12.84
2.57
42.36
25.00
37.50
25.00
28.12
25.00
12.50
25.00
25.00
37.50
62.91
25.00
12.50
13.01
25.00
12.50
25.00
12.50
26.37
12.50
37.50
13.18
25.00
43.06
25.00
25.00
12.50
27.95
12.50
12.50
14.38
25.00
44.86
35.62
12.50
12.50
25.00
25.00
37.50
18.84
37.84
19.86
19.86
12.50
12.50
25.00
25.00
12.50
12.50
25.69
25.00
13.18
37.50
15.92
37.50
25.00
13.53
12.50
12.50
25.00
12.50
12.50
12.50
12.50
12.50
37.50
12.50
12.50
33.68
16.15
25.00
23.26
33.85
12.50
12.50
15.07
39.90
25.00
25.00
29.45
50.00
25.00
25.00
12.50
12.50
12.50
27.05
25.00
14.93
12.67
26.56
25.00
13.37
25.00
25.00
12.50
12.50
23.80
25.00
25.00
50.00
25.00
12.50
37.50
12.50
19.35
12.50
25.00
25.00
12.50
12.50
37.50
12.50
25.00
12.50
30.21
12.50
12.50
22.77
25.00
37.50
26.88
12.50
37.50
25.00
37.50
26.20
13.36
12.50
23.29
12.50
12.50
37.85
12.50
25.87
25.00
25.00
12.50
12.50
25.00
14.21
25.00
25.00
