25.00
25.00
25.00
50.00
37.50
50.00
37.50
37.50
50.00
37.50
50.00
37.50
50.00
50.00
37.50
25.00
37.50
25.00
37.46
37.50
37.46
62.50
50.00
62.50
50.00
37.50
37.50
62.50
25.00
37.50
37.50
50.00
37.50
37.50
50.00
50.00
37.50
50.00
37.50
25.00
62.50
37.50
50.00
37.50
37.50
49.92
37.50
37.50
25.00
50.00
25.00
25.00
37.50
62.50
50.00
37.50
50.00
25.00
37.50
37.50
62.50
62.50
37.50
37.50
50.00
37.48
37.54
50.09
50.00
25.00
62.50
50.00
25.00
37.50
12.50
37.50
50.00
37.50
12.50
37.50
37.50
37.50
37.50
37.50
25.00
37.50
50.00
37.50
49.91
37.52
37.50
50.00
25.00
50.00
37.50
37.50
50.00
37.50
50.00
37.50
