24233.14
24255.52
24248.11
24258.36
24235.33
24267.55
24243.10
24262.22
24229.64
24275.21
24233.98
24262.87
24246.16
24246.94
24286.77
24258.40
24267.91
24262.26
24267.43
24268.45
24273.73
24234.09
24246.97
24249.45
24252.37
24246.08
24266.95
24228.32
24260.96
24243.03
24236.85
24230.01
24258.73
24244.03
23784.12
24240.24
24275.06
24255.81
24244.63
24237.67
24239.82
24276.94
24253.19
24277.13
24235.98
24254.06
24257.85
24246.98
24225.07
24245.77
24238.06
24248.72
24274.46
24269.00
24262.38
24245.98
24216.92
24267.15
24259.96
24268.86
24242.13
24256.65
24250.48
24264.36
24236.77
24275.33
24262.37
24263.42
24256.48
24275.53
24254.07
24238.29
24242.86
24229.20
24195.80
24258.78
24246.33
24238.65
24235.78
24263.97
24249.89
24281.05
24252.95
24243.58
24241.44
24246.13
24260.83
24258.64
24229.68
24244.69
24255.34
24244.18
24269.03
24249.67
24262.96
24268.04
24244.07
24255.08
24275.60
24223.57
