35432.15
35394.98
35283.48
35372.60
35385.48
35403.80
35438.95
35425.24
35381.13
35363.27
35378.02
35407.39
35404.53
35387.98
35381.06
35421.34
35395.12
35370.31
35364.76
35448.76
35405.83
35376.11
35380.39
35350.80
35341.75
35401.46
35354.33
35402.84
35387.25
35375.96
35397.86
35395.77
35372.50
35293.79
35365.07
35391.12
35372.17
35394.51
35371.05
35433.48
35439.17
35389.05
35380.62
35298.30
35385.27
35345.17
35402.76
35403.41
35405.55
35390.76
35373.46
35345.99
35397.88
35408.76
35403.39
35379.66
35369.03
35388.32
35418.31
35401.37
35357.76
35390.40
35404.27
35384.31
35378.82
35338.61
35397.31
35376.16
35407.01
35415.40
35439.44
35399.94
35441.58
35403.76
35381.31
35400.96
35394.43
35387.19
35393.71
35275.41
35382.65
35385.91
35298.88
35448.11
35403.00
35383.83
35264.63
35409.83
35379.98
35383.66
35424.80
35399.61
35375.30
35429.67
35360.43
35379.44
35413.94
35375.56
35333.67
35325.14
