72.88
71.45
75.77
71.12
71.60
76.82
74.48
77.76
69.91
79.29
68.98
77.84
72.13
77.21
72.84
71.86
74.69
71.53
75.54
71.93
75.00
76.22
69.73
70.35
75.85
80.73
71.65
74.74
73.04
71.36
71.36
71.64
77.18
77.50
72.80
80.80
78.07
71.07
74.29
72.79
70.36
70.83
76.15
72.00
74.48
75.04
77.61
80.45
77.32
74.59
75.28
77.73
70.61
75.05
73.07
77.13
74.00
71.45
75.79
75.00
75.73
76.13
74.27
76.55
70.81
74.29
73.23
76.02
73.93
72.94
75.87
72.55
68.07
74.18
72.74
76.07
73.15
83.54
78.73
74.77
79.54
72.73
75.16
78.11
78.18
79.00
74.32
80.45
76.34
78.06
75.31
76.61
71.30
76.96
69.72
74.60
76.61
79.55
68.90
79.29
68.06
75.80
72.61
70.84
77.69
76.55
77.68
71.55
78.12
70.82
70.47
75.09
70.56
72.32
69.74
73.12
74.22
72.43
77.00
73.73
74.80
70.18
74.69
75.09
78.98
74.91
79.10
73.64
74.18
79.91
72.55
74.71
75.72
75.18
69.17
73.42
78.07
74.86
78.11
74.75
77.03
81.22
74.71
79.64
74.23
74.07
82.02
73.75
74.31
75.36
71.09
71.84
69.84
74.46
76.49
76.40
77.89
72.11
72.14
70.34
77.41
73.40
77.75
75.14
71.34
74.64
74.86
72.09
73.21
76.19
73.60
72.78
70.48
75.86
75.61
79.46
73.33
77.82
70.72
75.38
77.14
74.37
76.94
74.29
71.64
71.93
71.83
73.51
74.31
72.34
74.78
76.83
77.24
77.65
74.38
76.96
73.94
76.52
80.21
74.22
