18.92
3.18
31.98
5.86
17.12
42.27
29.28
39.38
4.59
39.38
2.31
42.34
18.34
36.16
14.29
8.41
25.78
11.26
34.82
11.01
29.55
33.78
4.52
2.21
26.99
60.91
11.71
17.54
13.39
7.27
0.00
8.18
36.36
39.91
17.94
60.27
44.50
1.34
15.18
13.96
6.31
13.30
31.19
14.09
32.43
28.32
38.33
57.21
41.07
27.98
28.70
40.00
3.54
27.06
14.86
36.61
16.81
12.27
23.25
25.00
33.18
30.18
23.64
30.45
4.95
12.50
19.37
34.68
21.88
27.52
31.19
13.18
0.00
22.27
8.48
34.82
14.86
59.29
56.36
27.52
45.41
12.27
33.33
42.53
49.55
51.36
24.32
60.91
30.36
47.22
17.70
30.28
0.88
34.68
0.00
12.83
27.23
52.68
2.75
42.92
0.00
32.59
17.73
6.25
40.09
33.18
44.20
9.55
35.27
5.91
6.54
25.45
3.15
14.73
0.45
15.62
24.77
13.06
38.18
15.00
35.14
5.80
26.34
26.79
37.17
30.00
42.34
18.64
15.91
46.36
14.86
31.70
32.14
21.62
0.00
28.83
44.50
27.93
41.44
27.93
34.98
61.82
21.93
48.21
30.18
16.37
70.64
21.88
27.52
31.36
9.91
3.95
10.00
24.11
41.44
31.53
36.40
13.76
3.57
4.91
40.18
15.32
41.44
23.42
9.38
28.57
23.42
11.36
16.97
21.68
14.47
17.12
6.25
26.58
17.98
39.73
16.67
37.27
4.50
33.33
32.59
21.62
47.75
22.12
15.00
0.44
6.88
14.86
18.81
12.33
23.66
37.39
37.50
25.22
24.55
26.79
26.15
24.55
50.00
22.94
