156.43
141.91
142.22
130.31
143.84
124.37
137.82
139.82
132.55
127.32
155.87
130.66
108.16
138.19
114.02
152.20
129.01
151.12
159.07
136.97
146.77
136.10
123.02
128.87
152.99
129.52
111.45
132.19
129.78
146.41
104.12
152.56
134.75
136.92
122.95
122.83
142.25
134.10
156.94
135.65
125.15
167.62
130.59
139.78
136.84
114.77
128.67
137.98
149.50
132.36
132.66
146.06
145.27
165.17
132.40
120.55
159.84
136.76
116.76
121.51
121.76
143.25
119.55
155.08
141.87
140.63
122.49
121.82
150.67
142.74
116.30
108.28
123.44
133.30
122.17
124.57
145.19
134.14
126.03
138.90
153.34
145.39
119.01
120.59
138.86
129.11
131.49
150.08
141.33
110.42
139.00
122.83
142.34
135.72
127.72
161.37
139.18
128.81
142.52
135.19
