122.80
155.73
118.03
145.25
125.61
126.26
143.20
147.15
138.41
156.11
136.56
143.14
129.86
153.23
133.21
137.03
149.28
143.28
152.86
127.83
150.85
144.64
147.93
132.38
142.99
117.41
147.39
149.09
124.29
150.86
152.56
136.73
144.71
133.57
162.48
132.26
126.55
138.61
130.63
112.13
145.58
132.42
155.54
131.49
154.08
122.99
112.30
128.40
143.69
155.44
155.44
120.45
139.48
145.96
154.71
134.35
125.71
153.84
132.02
121.53
137.25
115.42
158.86
160.06
123.08
158.42
129.68
119.62
161.42
125.01
167.51
126.03
140.16
132.16
143.82
141.68
147.16
125.99
131.66
154.25
148.75
142.94
130.97
127.76
166.85
145.21
137.05
145.44
147.02
141.20
150.87
136.01
131.69
135.93
142.58
158.45
163.58
151.72
133.45
140.64
