72.70
75.80
76.07
78.00
74.91
74.55
70.82
69.91
75.26
70.89
79.73
71.35
70.36
71.44
72.86
73.89
72.98
71.25
77.82
70.74
75.87
77.29
73.45
70.35
73.66
79.55
77.27
76.51
78.48
72.55
77.95
73.21
72.14
79.10
71.96
75.64
75.09
69.08
79.09
76.09
71.86
76.31
72.54
73.52
76.88
74.55
75.54
77.80
73.15
78.17
72.98
73.49
71.98
74.77
73.42
73.18
78.70
80.28
73.86
79.57
77.79
72.65
74.19
78.75
77.09
75.91
76.42
72.50
74.73
73.66
76.39
75.68
76.88
73.85
70.64
75.40
76.31
73.36
72.73
70.38
71.77
72.86
74.12
76.35
74.23
72.18
76.42
71.73
72.64
73.63
79.27
72.70
72.43
72.88
79.36
73.82
71.00
73.85
73.04
74.34
73.71
72.04
78.32
75.48
76.76
74.82
70.90
73.39
71.48
74.66
72.09
71.63
72.36
76.94
76.16
75.27
70.83
77.30
75.41
75.71
76.67
71.31
75.36
70.73
74.78
72.00
70.55
73.55
73.38
79.44
79.02
76.58
75.36
72.57
76.88
75.65
69.64
79.91
73.39
76.02
70.67
73.09
71.45
74.96
79.10
70.46
69.63
77.18
77.01
71.44
75.47
71.64
70.36
76.09
73.30
71.09
77.12
73.36
78.50
81.74
81.64
74.73
73.09
77.27
72.27
67.91
72.82
72.11
71.80
74.52
76.08
71.61
70.74
73.73
81.57
71.82
80.45
76.58
77.45
73.24
70.89
71.50
75.13
74.50
71.39
76.64
80.27
76.09
72.68
75.79
76.36
76.07
69.02
75.05
71.35
71.98
71.36
74.64
76.21
78.70
