15.32
29.20
30.36
40.45
33.18
27.73
0.00
5.86
27.19
15.45
50.90
15.32
3.57
10.36
13.39
16.37
0.00
0.45
52.27
0.44
29.13
39.29
18.47
0.88
18.30
50.45
39.09
33.49
33.04
15.91
39.91
22.48
16.07
42.79
5.80
34.09
25.91
5.05
48.18
23.48
0.44
32.59
19.37
19.91
35.27
29.09
24.55
42.66
23.42
53.21
13.10
9.57
17.12
22.52
11.40
18.64
46.30
52.78
15.04
56.76
37.61
19.20
24.11
38.84
40.91
30.91
38.99
22.22
25.45
13.84
32.43
30.18
37.05
27.03
2.73
27.88
35.14
15.00
19.09
3.60
8.48
19.82
22.77
30.00
17.12
14.55
33.49
12.73
19.55
25.89
51.82
13.27
20.27
17.12
51.82
21.82
5.91
22.02
21.17
21.24
16.67
9.29
35.84
37.73
34.23
35.00
9.91
20.64
12.96
25.23
19.20
10.71
13.84
33.33
29.46
28.57
11.01
38.74
16.67
36.82
33.78
4.46
28.83
6.36
18.14
13.18
5.00
25.23
18.58
36.96
48.66
36.94
24.55
15.60
38.07
36.57
4.55
46.85
16.52
22.12
4.50
15.45
15.45
19.91
37.84
5.56
4.17
42.27
38.74
15.32
29.65
9.55
1.35
42.27
19.27
15.91
31.53
24.55
40.00
67.41
61.36
22.77
25.91
33.18
14.55
0.00
18.18
16.51
7.08
26.82
28.38
9.82
15.74
17.27
58.80
8.64
50.00
34.68
42.66
15.32
0.00
6.19
26.55
22.48
13.89
37.27
51.35
30.18
12.50
29.73
38.18
29.02
0.00
24.31
4.95
7.66
10.00
27.23
25.00
38.60
