35310.74
35222.52
35274.05
35249.92
35303.42
35257.41
35214.91
35309.07
35251.71
35208.42
35276.46
35278.26
35304.66
35253.88
35230.77
35222.30
35282.79
35279.23
35303.24
35307.36
35297.43
35249.08
35278.78
35255.55
35257.71
35286.13
35308.47
35261.86
35259.41
35297.07
35313.33
35279.36
35228.59
35268.79
35261.88
35293.29
35281.96
35255.97
35286.56
35289.79
35299.67
35305.36
35297.12
35268.14
35284.32
35264.71
35305.39
35251.42
35260.16
35270.23
35251.63
35274.79
35297.91
35270.47
35183.60
35304.69
35279.26
35265.87
35251.43
35274.70
35244.58
35194.22
35216.80
35246.42
35240.99
35286.49
35220.69
35270.73
35210.42
35313.58
35291.49
35328.88
35312.16
35257.86
35271.59
35231.21
35275.69
35289.52
35313.16
35267.25
35274.66
35243.66
35243.18
35253.72
35270.02
35237.36
35268.04
35293.72
35233.11
35249.26
35263.60
35307.52
35243.68
35275.24
35272.77
35287.53
35303.33
35273.33
35293.42
35277.05
