35396.13
35348.99
35350.30
35380.30
35351.84
35377.38
35356.99
35322.70
35348.47
35355.67
35350.75
35353.83
35384.43
35358.12
35379.23
35370.43
35248.40
35337.11
35383.13
35353.44
35360.89
35342.11
35382.53
35361.36
35380.91
35371.35
35291.15
35339.12
35387.36
35377.46
35309.00
35357.07
35344.12
35381.66
35302.92
35362.66
35312.88
35366.64
35311.24
35342.32
35391.91
35353.08
35336.37
35346.63
35339.65
35335.32
35382.21
35332.08
35354.18
35379.69
35333.58
35353.02
35320.14
35338.09
35348.75
35335.94
35354.81
35325.22
35346.06
35387.28
35271.64
35322.07
35360.95
35359.83
35373.91
35311.04
35387.29
35078.63
35240.55
35295.13
35333.33
35361.04
35336.39
35273.26
35274.39
35317.86
35334.93
35378.03
35351.94
35378.07
35357.13
35365.44
35366.57
35374.53
35376.18
35379.52
35350.79
35309.55
35363.57
35383.76
35393.60
35363.85
35357.29
35376.02
35352.95
35336.43
35339.18
35312.37
35325.45
35380.60
