29.17
25.00
25.00
14.11
0.00
37.34
24.91
12.50
37.68
25.00
27.26
12.50
26.56
12.50
25.00
34.03
12.50
37.50
25.00
16.20
37.85
37.50
50.00
25.39
12.71
28.45
12.44
24.78
12.56
12.44
23.58
25.00
37.50
23.26
32.64
12.50
12.50
24.48
12.50
12.50
25.00
25.00
12.50
25.00
49.65
24.96
24.91
25.00
50.00
25.04
12.41
24.91
25.04
12.39
25.00
25.00
30.73
12.50
25.00
25.00
25.00
12.50
12.50
25.00
37.50
25.00
12.50
22.18
24.87
12.46
25.13
28.40
25.00
12.39
12.39
37.39
24.91
12.37
13.01
25.00
25.00
12.50
12.50
21.70
26.56
15.28
14.93
25.00
12.50
12.50
12.35
37.67
25.00
37.52
12.41
36.94
11.84
12.39
12.41
12.50
