28.62
25.00
25.00
14.11
0.00
37.50
25.00
12.50
37.50
25.00
27.43
12.50
26.39
12.50
25.00
33.85
12.50
37.50
25.00
15.67
37.68
37.50
50.00
25.51
12.84
28.42
12.50
25.00
12.50
12.50
23.29
25.00
37.50
23.26
32.29
12.50
12.50
24.31
12.50
12.50
25.00
25.00
12.50
25.00
49.47
25.00
25.00
25.00
50.00
25.00
12.50
25.00
25.00
12.50
25.00
25.00
30.03
12.50
25.00
25.00
25.00
12.50
12.50
25.00
37.50
25.00
12.50
22.18
25.00
12.50
25.00
28.60
25.00
12.50
12.50
37.33
25.00
12.50
13.18
25.00
25.00
12.50
12.50
21.53
26.22
15.10
14.58
24.13
12.50
12.50
12.67
37.50
25.00
37.33
12.50
36.99
11.99
12.50
12.50
12.50
