24.78
37.43
13.90
39.72
20.18
37.50
22.54
12.50
25.00
25.00
12.50
25.17
12.50
31.77
12.50
12.50
44.37
15.75
25.00
62.50
25.00
26.03
27.74
36.64
25.00
37.50
25.00
49.66
12.50
30.31
25.00
21.53
12.50
25.00
12.50
25.00
12.67
12.67
12.50
35.59
23.08
25.00
12.50
12.67
23.29
25.00
3.08
25.00
12.50
23.29
50.00
35.96
12.50
22.60
22.57
12.50
25.00
25.00
5.21
20.49
0.69
25.00
34.93
12.50
12.50
17.47
54.11
31.85
20.72
34.59
12.50
37.50
35.79
12.50
12.50
14.38
12.50
19.97
37.50
29.69
12.50
1.56
18.40
12.50
31.60
25.00
25.00
22.43
25.00
0.51
25.00
37.67
36.82
25.00
50.00
28.60
12.50
32.88
12.50
25.00
25.00
12.50
25.00
37.50
25.00
12.50
37.50
0.00
25.00
50.00
12.50
18.49
37.50
12.50
49.14
12.50
12.67
25.00
12.67
20.55
31.68
27.91
22.22
28.99
12.50
37.50
29.17
25.00
12.50
28.12
25.00
12.50
22.43
19.01
37.50
27.40
35.27
37.50
12.50
22.43
12.50
29.11
31.16
19.35
45.03
13.02
25.00
44.27
12.50
12.50
31.25
4.69
36.30
12.50
29.28
32.19
12.50
12.67
49.66
12.50
30.31
16.44
25.00
26.37
12.67
35.79
12.50
17.29
15.28
12.50
17.19
25.00
37.50
46.88
25.00
25.00
30.09
21.92
18.66
50.00
37.50
25.00
21.40
15.24
25.00
12.50
12.50
25.00
24.48
12.50
28.82
22.40
25.00
27.08
21.35
0.00
12.50
25.00
12.50
45.21
