25.00
37.50
14.08
39.79
20.18
37.50
22.54
12.50
25.00
25.00
12.50
25.00
12.50
31.77
12.50
12.50
44.19
15.58
24.96
62.39
25.00
25.60
27.57
36.64
25.00
37.50
25.00
49.66
12.50
30.14
25.00
21.35
12.50
25.00
12.50
25.00
12.50
12.50
12.50
35.59
23.14
25.13
12.41
12.90
23.22
25.00
2.91
25.00
12.50
23.29
50.00
35.79
12.50
22.43
22.57
12.50
25.00
25.00
5.03
20.31
0.52
25.00
34.80
12.54
12.50
17.40
54.31
31.81
20.61
34.59
12.50
37.50
35.62
12.50
12.50
14.38
12.50
19.97
37.50
29.69
12.50
1.39
18.23
12.50
31.60
24.91
25.04
22.37
25.04
0.68
24.92
37.50
36.47
25.00
50.00
28.60
12.50
32.88
12.50
25.00
25.00
12.50
25.00
37.50
25.00
12.50
37.50
0.00
25.00
50.17
12.59
18.47
37.52
12.50
48.97
12.50
12.50
25.00
12.50
20.55
31.51
27.74
22.05
28.82
12.50
37.50
28.82
25.00
12.50
28.12
25.08
12.73
22.54
18.81
37.50
27.40
35.10
37.50
12.50
22.43
12.50
29.11
31.16
19.01
44.69
12.85
25.00
44.27
12.50
12.50
31.08
4.69
36.07
12.63
29.47
32.14
12.63
12.50
49.49
12.50
30.14
16.27
25.00
26.37
12.67
35.79
12.50
17.12
15.28
12.50
17.19
25.00
37.50
46.70
24.83
24.96
30.07
22.00
18.71
49.92
37.69
25.00
21.23
15.24
25.00
12.50
12.50
24.83
24.31
12.50
28.82
22.40
25.00
26.91
20.83
0.00
12.50
25.00
12.16
45.39
