35493.74
35505.23
35449.57
35485.75
35449.75
35501.36
35492.65
35366.51
35459.31
35425.61
35488.29
35361.14
35342.44
35458.39
35493.04
35424.15
35359.71
35463.50
35493.49
35447.20
35471.48
35485.79
35479.40
35431.52
35465.30
35356.14
35452.74
35434.92
35443.15
35356.30
35463.87
35463.62
35447.33
35418.09
35484.82
35439.53
35445.58
35463.32
35464.84
35478.36
35451.66
35497.36
35425.60
35479.98
35406.04
35449.63
35473.59
35478.33
35506.10
35461.85
35498.76
35492.42
35446.20
35487.92
35463.02
35466.32
35485.50
35439.50
35463.42
35453.20
35455.12
35431.30
35447.81
35427.50
35443.13
35332.10
35472.97
35460.76
35401.10
35409.65
35458.13
35473.25
35467.07
35444.63
35455.17
35479.03
35434.07
35481.99
35418.67
35510.12
35477.20
35489.17
35434.38
35439.51
35451.33
35485.80
35461.92
35412.17
35465.55
35496.66
35476.62
35469.25
35500.75
35415.52
35477.17
35453.34
35448.09
35469.45
35480.38
35430.46
