37.50
25.04
37.50
50.18
37.63
37.63
25.00
25.00
25.00
37.50
50.00
25.00
50.00
50.00
25.00
62.50
25.00
50.00
62.50
50.00
37.50
12.50
25.08
37.46
25.09
37.54
50.34
50.00
50.08
37.69
25.17
50.25
37.50
25.00
50.00
37.50
37.50
50.00
12.50
37.50
25.00
25.00
62.50
37.50
37.50
62.50
50.09
25.08
37.63
37.63
25.08
25.04
50.17
50.00
37.59
37.50
25.00
37.50
50.00
37.50
25.00
50.00
25.00
50.00
37.50
37.50
37.50
37.50
25.00
50.00
50.00
37.50
50.17
50.17
50.34
62.82
25.17
50.00
37.50
37.50
50.00
37.50
37.50
25.00
37.50
37.50
50.00
37.50
50.00
37.50
37.50
37.50
37.50
37.50
62.50
50.17
49.91
62.69
37.52
25.17
50.17
50.08
25.04
50.17
50.17
62.50
50.00
37.50
37.50
50.00
25.00
37.50
37.50
37.50
50.00
37.50
25.00
50.00
37.50
50.17
24.92
62.61
50.08
50.00
24.96
37.59
37.69
25.08
50.08
25.00
50.00
37.50
37.50
25.00
37.50
25.00
50.00
25.00
62.50
50.00
37.50
37.50
75.00
50.00
25.09
24.87
37.65
62.52
37.76
50.08
50.00
50.17
25.08
50.00
50.00
37.50
37.50
50.00
50.00
50.00
25.00
62.50
62.50
50.00
50.00
37.50
50.00
62.50
50.09
37.37
50.00
50.00
25.09
37.54
50.00
37.37
62.50
37.50
37.50
50.00
37.50
50.00
37.50
25.00
37.50
50.00
25.00
50.00
25.00
37.50
50.00
62.50
50.17
50.17
49.92
37.59
37.69
37.48
49.91
50.17
