37.39
25.00
50.00
37.39
37.50
62.50
37.50
37.50
50.00
50.00
12.50
50.00
37.50
50.00
50.00
37.50
37.50
25.00
50.00
50.00
37.50
50.00
50.00
25.00
37.50
50.00
50.00
50.00
37.50
37.50
25.00
50.00
50.00
50.00
25.00
37.50
37.50
50.00
25.00
50.00
50.00
37.50
50.00
75.00
25.00
37.50
50.00
62.50
25.00
25.00
37.50
50.00
37.50
37.50
25.00
37.50
37.50
25.00
50.00
37.50
50.00
37.50
62.50
25.00
50.00
50.00
25.00
37.50
25.00
50.00
50.00
50.00
37.50
37.50
50.17
62.44
50.00
37.63
25.00
50.00
37.50
50.00
62.50
37.50
37.50
50.00
37.50
37.50
37.50
37.50
62.50
62.50
62.50
62.50
37.50
62.50
50.00
62.50
37.50
37.50
50.08
37.56
50.08
37.56
37.50
50.00
50.00
50.00
50.00
62.50
37.50
37.50
25.00
37.50
37.50
50.00
62.50
37.50
37.50
37.50
37.50
50.00
62.50
24.96
24.87
49.92
37.39
24.96
12.54
37.50
37.50
37.50
50.00
50.00
37.50
62.50
25.00
37.50
50.00
25.00
37.50
50.00
25.00
50.00
37.50
50.00
37.50
25.00
50.34
50.17
37.50
50.00
50.00
37.50
37.63
12.50
37.50
62.50
50.00
37.50
50.00
37.50
50.00
50.00
50.00
50.00
50.00
62.50
50.00
75.00
37.50
50.00
37.50
50.00
37.59
37.41
75.00
62.50
37.50
50.00
50.00
50.00
50.00
37.50
50.00
50.00
37.50
50.00
62.50
50.00
50.00
37.50
62.50
62.50
25.00
50.00
25.00
37.50
25.00
25.00
