25.89
12.50
12.50
12.14
37.50
25.00
35.94
12.50
25.00
22.05
24.12
37.50
25.00
13.91
27.08
25.00
12.50
20.60
33.27
12.46
25.13
31.67
37.50
50.09
41.10
25.00
12.50
12.50
19.69
29.97
25.00
12.50
25.00
26.04
14.58
16.15
25.00
12.50
25.00
15.10
26.39
37.50
28.08
12.50
25.00
41.10
30.14
46.58
12.50
12.50
25.00
25.00
22.26
25.00
30.31
25.00
12.50
25.00
18.75
19.10
12.50
24.31
26.04
37.50
28.47
30.31
34.08
25.00
40.41
25.00
25.00
28.08
25.00
12.50
25.00
25.17
12.50
37.15
32.29
50.00
25.00
12.50
24.65
37.50
30.90
37.50
12.50
48.77
37.50
12.16
37.50
12.50
25.34
25.00
37.50
37.50
25.00
24.32
25.00
25.00
25.00
50.87
30.03
22.05
37.50
25.00
30.03
25.52
25.00
25.00
25.00
25.00
23.12
24.14
25.00
25.00
12.50
25.00
25.00
25.00
12.50
12.67
37.50
25.00
25.00
25.00
35.24
12.50
25.00
12.50
21.88
18.23
42.71
12.50
12.50
12.50
25.00
25.00
25.00
12.50
25.00
12.50
25.00
37.67
33.90
24.49
41.32
37.50
25.00
25.00
12.50
12.50
25.00
12.50
25.00
25.53
31.16
19.18
37.50
32.36
25.00
25.51
16.10
25.00
25.00
12.50
35.62
25.00
12.50
25.00
12.50
25.00
12.50
12.50
12.50
12.50
13.02
12.50
37.50
24.66
12.50
25.00
25.00
12.50
50.00
19.35
25.00
25.00
25.00
25.00
25.00
12.50
12.50
41.95
32.29
27.78
25.00
25.00
32.64
17.36
