25.75
12.48
12.50
12.14
37.50
25.00
35.76
12.50
25.17
22.05
24.12
37.50
25.00
13.56
27.26
25.00
12.50
20.42
33.10
12.50
25.00
31.68
37.50
50.00
40.89
25.00
12.50
12.50
19.52
30.14
25.00
12.50
25.00
25.69
13.89
16.15
25.00
12.50
25.00
14.76
26.04
37.50
28.08
12.50
25.00
40.61
30.09
46.58
12.50
12.50
25.00
25.00
22.26
25.00
30.31
25.00
12.50
25.00
18.06
19.10
12.50
23.96
26.04
37.50
28.65
30.03
33.79
24.70
40.24
25.00
25.00
28.08
25.00
12.50
25.00
25.00
12.50
36.98
32.12
50.00
25.00
12.50
24.65
37.50
31.08
37.50
12.50
48.77
37.50
12.22
37.50
12.48
25.17
25.00
37.50
37.50
25.00
23.97
25.00
25.00
24.66
50.35
30.03
22.22
37.50
25.00
29.51
25.52
25.00
25.00
25.00
25.34
23.25
23.97
25.00
25.00
12.50
25.00
25.00
25.00
12.50
12.67
37.50
25.00
25.00
25.00
35.59
12.50
25.00
12.50
21.70
18.23
42.36
12.50
12.50
12.50
25.00
25.00
25.00
12.50
25.00
12.50
25.00
37.50
33.22
24.32
41.15
37.50
25.00
25.00
12.50
12.50
25.00
12.50
25.00
25.53
31.16
19.01
37.50
32.19
24.83
25.51
15.92
25.00
25.00
12.50
35.62
25.00
12.50
25.00
12.50
25.00
12.50
12.50
12.50
12.50
13.02
12.50
37.50
24.62
12.50
25.00
25.00
12.46
50.00
19.32
25.00
25.00
25.00
25.00
25.00
12.50
12.50
41.78
32.29
27.08
25.00
25.00
32.64
17.19
