37.37
12.48
24.91
37.50
12.68
25.00
37.50
36.98
12.50
34.38
25.00
26.74
37.50
33.98
12.50
37.50
24.65
12.50
34.25
30.31
13.87
37.50
25.00
12.50
20.55
28.08
34.25
24.49
12.50
15.07
25.00
35.59
23.44
34.55
12.50
31.08
25.00
25.00
30.21
23.44
27.23
13.87
25.00
25.00
27.05
25.00
18.84
12.50
41.61
25.00
25.00
37.50
0.00
47.22
12.50
12.50
0.00
25.00
37.50
25.00
18.06
25.00
12.50
12.50
35.62
25.00
37.50
12.50
25.00
17.64
25.00
25.00
12.50
50.00
37.50
0.00
14.58
25.00
37.50
25.00
25.00
26.74
37.50
25.00
37.50
25.00
25.00
12.67
25.00
50.00
50.00
25.00
12.50
34.93
25.00
12.84
12.50
25.00
37.50
25.00
