37.50
12.50
25.00
37.50
12.50
25.00
37.50
36.98
12.50
34.38
25.00
26.39
37.50
33.98
12.50
37.50
24.65
12.56
34.30
30.39
13.80
37.44
25.00
12.50
20.55
28.25
34.08
24.49
12.50
15.07
25.00
35.42
23.26
34.38
12.50
31.08
25.00
25.00
30.21
23.44
27.23
13.82
25.00
25.00
27.05
25.00
18.84
12.50
41.27
25.00
25.00
37.50
0.00
47.05
12.50
12.50
0.00
25.00
37.50
25.00
18.06
25.00
12.50
12.50
35.45
25.00
37.50
12.50
25.00
17.64
25.00
25.00
12.50
50.00
37.50
0.00
14.41
25.00
37.50
25.00
25.00
26.56
37.50
25.00
37.50
25.00
25.13
12.50
25.13
50.00
50.00
25.00
12.50
34.93
25.00
12.84
12.50
25.00
37.50
25.00
