35275.36
35282.20
35280.36
35263.19
35172.19
35272.55
35287.01
35303.57
35299.07
35277.89
35284.27
35272.22
35253.65
35236.26
35313.96
35262.37
35257.56
35277.68
35226.26
35282.65
35273.95
35274.25
35265.29
35302.98
35234.36
35289.62
35263.75
35240.41
35273.79
35292.68
35222.88
35262.02
35327.04
35264.17
35278.68
35302.58
35277.16
35257.11
35274.40
35287.06
35255.66
35290.20
35291.22
35257.94
35246.13
35276.76
35283.50
35279.85
35274.53
35232.29
35282.97
35306.23
35272.52
35263.27
35260.13
35246.21
35207.36
35284.10
35225.86
35297.73
35257.36
35274.82
35274.31
35262.55
35292.77
35255.36
35290.37
35242.84
35256.43
35294.24
35294.72
35243.73
35258.76
35283.53
35243.18
35289.84
35236.67
35297.25
35247.14
35315.69
35304.45
35267.49
35273.47
35248.67
35274.26
35304.84
35236.77
35249.88
35288.75
35264.81
35287.06
35235.44
35221.31
35222.19
35269.94
35270.85
35276.03
35265.35
35283.61
35282.92
