24054.00
24030.84
24031.00
24054.72
24029.93
24032.22
24033.17
24057.83
24038.85
24015.93
24024.68
24047.51
24031.10
24029.39
24050.65
24026.77
24014.47
24052.28
24052.32
24041.91
24040.30
24053.15
24024.84
24042.84
24065.12
24023.70
24046.87
24051.15
24036.36
24047.05
24057.09
24038.14
24035.11
24019.68
24034.16
24037.01
24041.13
24040.63
24041.05
24032.64
24047.00
24055.14
24035.19
24052.28
24058.87
24068.71
24028.55
24026.15
24052.15
24037.35
24040.99
24045.63
23998.35
24019.06
24044.96
24029.39
24035.60
24048.05
24065.71
24043.68
24045.24
24001.91
24041.87
24046.76
24004.00
24009.32
24053.99
24065.06
23694.68
23980.41
24008.64
24034.32
24019.80
24020.91
24037.49
24042.16
24058.54
24013.72
24018.01
24008.30
24012.97
24013.10
24021.65
24046.15
24019.37
24044.72
24044.04
24050.87
24050.53
24044.09
24043.78
24051.91
21402.15
24044.83
24023.73
24057.58
24047.63
24030.70
24020.04
24037.12
