50.29
46.94
45.97
42.82
51.52
37.70
40.36
47.29
48.56
48.79
41.69
48.77
42.59
49.35
38.31
45.30
46.13
45.57
45.83
43.91
43.07
40.51
48.11
44.90
48.83
52.73
40.86
39.81
40.72
48.61
52.46
45.05
48.32
44.58
41.70
50.44
46.25
45.45
48.67
48.36
47.45
39.90
43.05
49.73
45.86
54.46
55.82
42.99
46.90
45.83
44.70
42.60
46.61
44.34
43.80
47.27
43.75
47.35
51.75
49.17
50.88
45.74
41.35
49.22
46.41
41.47
42.86
51.15
44.17
51.49
48.87
42.65
48.26
42.99
47.65
41.96
40.00
46.51
47.00
45.55
38.14
49.28
48.47
47.92
47.22
48.70
46.24
46.26
47.69
43.58
44.40
48.75
52.78
46.26
42.31
46.50
42.50
52.53
43.62
42.44
41.38
47.09
51.44
48.53
46.70
43.46
51.20
38.84
47.41
46.18
45.63
43.18
42.78
43.39
42.63
48.75
38.35
42.13
50.77
49.66
39.35
54.84
46.26
45.83
40.35
46.82
49.79
48.06
41.28
44.61
55.99
47.84
45.47
41.52
53.79
45.05
41.81
44.42
43.11
40.97
50.38
43.49
50.53
52.96
50.00
47.50
43.87
62.01
45.51
41.52
47.35
43.88
46.88
49.57
44.34
41.30
43.88
42.44
42.36
38.75
52.93
52.77
48.71
42.16
47.42
45.61
46.81
40.99
49.64
44.58
40.92
43.50
39.43
50.88
47.58
46.37
53.27
52.39
40.79
43.23
41.07
41.94
43.65
44.70
41.46
46.91
50.42
42.78
52.19
41.27
41.19
49.26
51.27
44.17
44.54
41.07
37.24
45.23
47.85
45.69
