48.28
36.25
32.92
24.14
49.62
8.09
18.15
37.92
43.87
41.29
24.14
42.05
23.98
42.97
10.40
31.45
34.91
31.25
29.61
28.23
25.00
17.86
39.02
28.12
40.86
54.17
20.69
15.73
17.86
40.00
50.39
30.00
40.53
27.21
20.16
47.84
33.33
33.04
40.09
42.41
35.43
13.97
25.89
43.75
34.91
58.71
65.95
25.76
34.27
34.17
27.65
25.00
36.29
28.23
24.63
36.69
29.02
35.16
50.40
43.15
48.39
33.87
18.75
43.35
36.61
21.43
23.79
49.36
29.74
48.66
45.19
25.00
38.26
23.44
38.67
22.91
13.54
34.93
36.29
33.19
12.50
43.53
39.84
40.83
39.37
43.10
35.48
33.59
40.62
25.81
29.18
41.13
55.42
33.47
25.00
36.57
23.86
52.02
27.16
23.98
18.53
35.08
48.71
43.75
36.64
25.81
47.66
12.95
38.79
34.58
33.06
25.00
23.39
27.16
25.93
41.13
11.61
22.73
48.11
41.94
15.42
59.27
32.81
31.64
16.02
35.23
45.83
39.17
20.37
26.10
64.81
37.92
32.35
19.23
55.65
31.85
21.61
28.31
25.86
18.52
44.70
25.39
46.88
53.52
44.14
38.43
25.37
79.41
32.50
21.43
36.74
26.44
34.38
44.17
27.42
20.83
29.63
23.28
25.00
12.08
55.98
55.60
40.52
20.59
37.12
31.25
36.67
17.74
43.33
28.23
20.09
28.12
16.52
49.57
37.10
33.06
55.84
51.67
20.26
24.22
19.14
19.32
27.16
30.47
20.69
35.46
46.67
22.18
50.40
20.26
20.85
41.91
48.86
27.50
30.77
19.92
9.48
31.05
37.94
32.50
