50.00
50.00
0.00
50.00
0.00
50.00
50.00
100.00
50.00
50.00
50.00
0.00
50.00
100.00
50.00
50.00
55.38
100.00
50.00
50.00
50.00
50.00
50.00
50.00
50.00
0.00
100.00
50.00
100.00
50.00
50.00
50.00
50.00
50.00
50.00
50.00
50.00
50.00
100.00
50.00
50.00
50.00
50.00
50.00
50.00
50.00
50.00
50.00
50.00
50.00
50.00
50.00
100.00
100.00
50.00
50.00
50.00
50.00
50.00
100.00
100.00
50.00
50.00
50.00
50.00
0.00
50.00
100.00
50.00
50.00
100.00
50.00
50.00
50.00
0.00
50.00
50.00
50.00
50.00
50.00
50.00
50.00
50.00
50.00
16.22
0.00
50.00
50.00
79.05
0.00
50.00
50.00
50.00
50.00
50.00
50.00
50.00
50.00
50.00
50.00
50.00
50.00
50.00
0.00
50.00
100.00
50.00
50.00
50.00
50.00
50.00
50.00
50.00
50.00
50.00
50.00
50.00
100.00
50.00
0.00
50.00
100.00
50.00
0.00
50.00
50.00
50.00
50.00
50.00
100.00
50.00
50.00
50.00
50.00
50.00
50.00
0.00
0.00
50.00
50.00
50.00
50.00
50.00
50.00
50.00
0.00
100.00
0.00
50.00
100.00
50.00
50.00
50.00
50.00
50.00
50.00
50.00
100.00
50.00
50.00
0.00
50.00
50.00
50.00
50.00
50.00
50.00
50.00
50.00
50.00
50.00
50.00
100.00
50.00
0.00
50.00
50.00
50.00
50.00
50.00
100.00
50.00
100.00
100.00
50.00
100.00
50.00
100.00
50.00
0.00
100.00
0.00
0.00
50.00
50.00
50.00
50.00
50.00
50.00
50.00
