40.77
50.00
50.52
49.87
50.59
43.33
46.85
45.68
48.47
47.98
40.37
44.83
47.45
50.83
50.13
51.47
36.53
48.71
41.75
40.00
48.53
45.71
45.33
50.00
45.68
43.11
42.57
45.44
49.43
39.31
37.33
36.54
48.48
42.92
38.51
45.10
47.32
41.05
50.58
44.73
38.56
47.25
47.47
48.99
46.37
44.24
48.44
44.10
42.26
47.79
44.04
44.08
39.14
38.72
46.12
40.03
47.79
54.11
45.95
42.41
42.02
43.38
43.01
47.18
39.08
42.11
49.84
51.01
45.23
43.12
47.50
40.81
48.16
40.49
51.24
40.95
47.86
44.17
40.20
50.45
50.45
43.55
47.03
45.70
49.54
47.21
48.47
51.91
51.23
45.56
51.90
41.13
41.94
42.23
47.50
50.15
49.44
40.10
49.19
48.71
35.74
39.03
52.08
44.27
39.71
46.32
45.96
52.58
45.20
47.10
38.62
45.26
38.49
48.31
40.32
39.42
38.59
43.62
39.72
51.85
51.12
53.76
44.66
42.51
48.21
41.82
45.40
53.23
45.71
44.28
48.77
45.38
46.04
44.86
45.43
39.67
42.67
46.74
41.82
49.06
47.42
47.22
40.83
48.31
45.27
51.48
38.75
44.48
47.62
47.08
39.58
47.08
53.36
43.68
43.84
39.45
42.10
48.12
40.66
45.40
48.02
52.23
40.79
44.31
41.62
41.80
42.69
42.71
43.77
50.88
41.92
44.89
54.78
40.05
42.71
53.77
40.14
47.07
45.69
44.31
41.67
49.63
45.03
47.15
47.69
44.49
41.35
55.18
45.08
44.15
44.92
50.42
47.35
41.29
44.75
41.41
39.11
42.67
41.87
43.30
