19.83
44.12
45.31
42.65
46.09
24.62
35.98
32.26
39.43
35.36
16.67
29.17
35.83
47.58
43.82
47.35
4.17
40.76
15.88
15.23
37.13
30.30
28.31
44.32
30.51
24.60
25.42
29.34
42.05
12.50
7.03
6.90
37.85
23.75
10.55
32.07
37.90
18.97
47.41
27.21
9.27
39.66
37.93
40.15
33.73
27.21
40.83
24.91
22.57
39.52
31.25
27.42
10.98
11.67
33.19
16.25
38.60
57.76
30.56
23.71
21.43
22.86
24.24
36.29
13.45
23.39
44.44
49.57
30.24
25.00
35.61
18.33
38.60
16.52
47.27
18.97
39.29
27.08
16.81
44.70
46.43
25.40
35.83
32.50
44.20
35.48
40.15
50.00
48.53
31.85
48.93
18.58
20.83
25.00
37.92
45.09
43.09
16.02
43.95
40.15
2.92
13.43
53.25
27.50
15.09
35.78
31.68
52.08
28.41
34.47
10.98
32.22
11.93
37.11
14.11
14.66
11.25
26.14
14.17
51.39
47.27
54.84
28.91
24.55
35.36
21.88
31.90
55.83
29.92
26.10
41.13
32.50
32.08
30.42
29.30
14.11
23.28
35.16
18.75
42.34
37.50
35.23
17.28
40.38
31.25
48.44
11.84
27.82
35.00
35.42
15.62
36.99
52.82
27.16
25.86
14.45
22.78
41.83
19.91
33.19
40.00
53.33
17.34
27.50
20.97
21.98
21.09
21.48
26.25
46.04
20.70
29.03
60.08
14.12
20.49
56.25
15.00
35.08
34.91
28.75
20.59
42.28
29.44
38.71
38.33
26.72
17.50
59.09
30.83
26.10
29.58
47.18
35.98
17.80
28.91
18.94
12.10
24.17
21.37
23.16
