37.50
37.50
12.87
12.50
12.50
17.75
22.86
21.61
12.50
17.13
16.38
37.48
26.13
25.00
12.57
37.50
25.00
16.15
33.16
0.00
43.06
34.90
12.50
20.14
25.00
25.00
25.00
25.00
25.00
25.93
17.65
12.50
32.07
43.73
25.05
24.82
24.91
37.52
25.00
25.00
12.50
0.00
12.50
37.50
12.50
25.00
0.00
25.00
25.00
25.00
12.50
25.00
12.50
25.00
28.99
25.00
12.50
12.50
45.66
22.92
12.50
16.32
12.50
25.00
17.53
37.50
12.50
37.50
50.00
25.00
36.44
25.00
24.65
25.00
25.00
32.04
22.74
50.00
25.00
25.00
37.50
25.00
12.50
25.00
12.50
37.50
30.03
36.98
12.50
25.00
16.67
12.50
12.50
50.00
37.50
50.00
22.89
12.50
37.50
12.50
25.00
50.00
23.26
37.50
12.50
25.00
12.50
25.13
37.50
12.50
25.00
25.00
37.50
25.52
25.00
12.50
25.00
37.50
25.00
25.00
25.00
12.50
33.33
25.00
22.74
33.97
47.92
12.50
37.39
26.22
25.00
21.88
12.50
19.44
25.00
25.00
37.50
12.50
12.50
25.00
25.00
0.00
25.00
16.96
37.50
12.50
12.50
12.37
25.00
36.81
12.50
25.00
36.87
28.82
37.50
12.50
33.88
12.50
37.50
14.13
37.50
19.93
25.00
37.50
38.91
25.00
12.50
25.00
12.50
35.39
12.50
20.07
12.68
50.00
12.50
25.09
24.91
37.41
37.34
14.18
33.87
27.50
19.03
19.46
12.50
37.50
12.50
25.00
12.50
25.00
25.00
25.00
12.50
12.50
25.00
25.00
12.50
25.00
25.00
25.00
