37.50
37.50
12.68
12.50
12.50
17.57
22.86
21.61
12.50
17.19
16.49
37.50
26.22
25.00
12.50
37.50
25.00
16.15
32.81
0.00
42.88
34.90
12.50
19.97
25.00
25.00
25.00
25.00
25.00
25.93
17.65
12.57
32.02
43.75
25.00
25.00
25.00
37.50
25.00
25.00
12.50
0.00
12.50
37.50
12.50
25.00
0.00
25.00
25.00
25.00
12.50
25.00
12.50
25.00
29.14
24.96
12.61
12.54
45.66
22.77
12.50
16.32
12.50
25.00
17.53
37.50
12.50
37.50
50.00
25.00
36.27
25.00
24.65
25.00
25.00
31.87
22.63
49.91
25.00
25.00
37.50
25.00
12.50
25.00
12.50
37.50
30.03
36.98
12.50
25.00
16.67
12.50
12.50
50.00
37.50
50.00
22.89
12.50
37.50
12.50
25.13
49.91
23.32
37.50
12.50
25.09
12.50
25.17
37.50
12.50
25.00
25.00
37.50
25.17
25.00
12.50
25.00
37.50
25.00
25.00
25.00
12.50
33.16
24.87
22.57
34.03
47.84
12.50
37.50
26.22
25.00
21.70
12.50
19.27
25.00
25.00
37.50
12.50
12.50
25.00
25.00
0.00
25.00
16.79
37.50
12.59
12.63
12.50
25.00
36.63
12.50
25.00
36.63
28.47
37.50
12.50
33.70
12.50
37.50
14.13
37.50
19.75
25.04
37.50
38.73
25.00
12.50
25.00
12.50
35.39
12.50
19.89
12.68
50.00
12.50
25.18
25.00
37.50
37.50
14.46
33.75
27.32
18.93
19.29
12.50
37.50
12.50
25.00
12.50
25.00
25.00
25.00
12.50
12.50
25.00
25.00
12.50
24.87
24.91
25.04
