1565.65
1565.60
1564.57
1565.78
1564.82
1565.55
1563.32
1562.82
1563.74
1564.65
1563.33
1567.69
1563.38
1564.81
1565.07
1564.69
1564.48
1562.57
1564.57
1565.50
1563.22
1567.67
1562.90
1565.20
1564.34
1563.98
1563.71
1563.24
1565.55
1561.74
1563.88
1564.96
1566.31
1564.25
1568.96
1568.81
1565.47
1563.30
1545.80
1563.10
1565.52
1564.80
1562.65
1565.54
1565.80
1563.38
1564.94
1563.85
1563.98
1566.96
1566.66
1563.25
1564.86
1565.83
1563.80
1564.56
1563.93
1562.75
1569.56
1561.13
1563.98
1563.56
1566.98
1564.92
1563.23
1562.00
1572.49
1563.56
1566.04
1564.64
1564.15
1564.08
1563.12
1564.55
1566.39
1564.48
1563.82
1565.20
1566.59
1566.48
1563.88
1564.68
1563.46
1568.84
1563.02
1559.82
1562.83
1565.70
1564.40
1564.81
1561.91
1564.53
1567.11
1566.30
1565.22
1563.97
1564.94
1565.31
1561.39
1567.40
