35386.36
35362.27
35384.93
35358.94
35387.77
35388.01
35390.42
35394.08
35346.74
35365.85
35375.52
35377.58
35377.63
35373.38
35326.33
35406.14
35369.73
35377.97
35378.46
35362.12
35377.83
35382.69
35369.71
35376.97
35377.93
35401.65
35355.59
35349.65
35383.50
35369.75
35361.34
35372.03
35402.66
35355.61
35314.00
35375.43
35389.25
35347.28
35340.58
35391.44
35354.74
35360.31
35387.49
35384.20
35333.66
35375.35
35363.62
35341.27
35340.42
35356.27
35376.16
35378.88
35357.79
35373.87
35358.94
35389.63
35345.58
35353.61
35350.51
35346.59
35349.40
35362.09
35375.60
35370.86
35361.39
35408.91
35360.33
35372.13
35389.54
35355.28
35340.92
35407.92
35394.53
35370.63
35354.90
35357.60
35388.64
35344.19
35399.81
35355.72
35379.69
35377.64
35355.95
35386.20
35341.45
35405.10
35379.68
35372.46
35354.50
35384.28
35351.35
35354.32
35352.64
35374.85
35384.78
35370.12
35361.65
35394.66
35394.27
35375.95
