71.90
78.12
70.57
71.94
73.45
76.07
74.64
71.43
78.82
67.52
71.32
69.27
64.46
79.53
74.76
66.95
74.85
76.73
75.00
70.57
72.26
78.01
75.63
73.41
73.86
66.91
67.05
77.87
68.99
76.19
77.80
78.19
64.22
66.58
69.12
72.27
68.90
69.42
73.45
66.02
64.39
69.32
69.33
71.08
71.67
71.01
73.80
67.30
68.45
67.38
69.12
72.50
68.80
76.24
71.93
72.67
64.17
72.65
74.51
66.05
70.59
69.25
68.91
69.44
66.17
77.68
67.32
70.39
69.59
66.71
78.55
69.38
69.52
67.25
67.70
73.61
77.22
68.01
71.51
80.76
74.14
69.88
69.10
68.08
69.61
70.22
68.96
71.80
70.48
70.04
73.77
80.30
75.76
69.14
77.63
70.10
76.85
68.53
72.41
73.65
70.18
74.69
74.14
71.78
73.56
79.00
74.33
71.32
71.84
71.65
76.54
75.51
73.81
69.95
69.71
70.66
69.85
79.04
69.15
68.94
68.01
65.16
73.16
66.71
82.26
71.99
64.95
73.11
73.60
63.73
70.72
66.21
68.24
68.01
71.19
62.59
71.08
77.23
74.73
68.24
76.58
70.10
70.85
80.95
72.82
70.78
69.44
67.65
71.84
70.83
68.75
76.72
73.96
69.64
78.16
70.55
77.62
64.03
64.52
72.60
67.09
73.55
75.95
68.15
74.44
72.78
76.24
73.03
68.75
71.72
75.74
67.52
72.25
79.29
74.97
77.82
79.13
73.53
71.70
74.75
75.74
69.94
70.71
78.48
72.35
69.78
72.36
68.08
71.45
66.31
67.40
70.58
79.78
67.88
67.12
74.75
66.67
72.15
63.76
68.21
