16.72
34.64
23.16
22.79
27.50
32.50
27.86
19.29
43.21
14.71
20.96
14.34
4.78
46.40
35.00
12.86
32.50
37.86
36.74
23.53
26.07
41.91
37.50
25.00
30.68
13.24
11.36
42.50
18.38
37.14
39.64
43.38
2.18
7.35
16.49
35.61
16.18
17.65
25.00
9.38
0.00
21.59
14.71
25.00
20.00
18.01
32.95
20.59
18.21
12.50
14.64
27.14
17.65
32.64
25.37
25.37
4.41
28.21
33.21
8.09
17.28
17.65
13.89
14.29
8.46
34.29
11.79
20.00
19.12
4.29
42.28
12.14
15.00
11.76
11.79
23.90
39.71
12.87
30.71
47.50
33.46
15.68
15.44
9.38
21.69
20.96
21.69
20.36
17.02
20.59
26.47
47.43
36.70
16.91
38.57
19.49
39.71
10.36
19.85
25.00
21.32
32.72
25.00
24.26
30.71
37.86
31.07
26.10
22.39
18.40
38.97
39.39
25.36
18.40
16.43
24.29
16.54
45.59
20.71
13.21
14.29
5.00
24.26
6.62
56.25
21.97
10.66
25.38
26.43
4.41
18.75
7.35
13.57
16.54
22.86
0.00
20.96
43.21
29.29
9.72
34.09
18.71
25.00
48.57
27.21
30.88
23.21
11.76
30.30
28.31
19.70
34.89
31.99
15.00
42.14
32.50
42.55
7.72
6.44
27.78
11.76
23.16
34.29
18.94
32.64
29.55
35.36
32.95
20.22
25.00
32.85
12.41
23.93
45.56
34.72
42.65
48.16
26.47
28.57
30.51
36.40
18.38
22.14
41.54
25.74
13.21
25.74
10.36
27.57
5.56
12.14
12.55
48.90
9.29
13.24
31.99
7.35
24.62
2.65
18.56
