79.49
83.01
72.26
74.71
68.25
67.74
68.69
73.10
77.17
79.40
78.94
79.29
73.19
74.40
76.09
75.36
75.24
75.32
73.79
77.04
75.36
80.50
73.32
78.81
66.67
73.59
73.03
72.98
73.33
79.80
71.04
75.56
73.03
76.31
80.12
77.14
79.08
69.36
66.19
67.36
75.61
70.48
80.00
71.67
74.91
74.74
72.85
76.10
73.50
84.04
72.11
76.59
76.43
66.94
70.48
69.52
68.35
74.04
77.55
74.38
70.12
72.52
70.00
68.45
73.33
80.31
69.88
70.63
75.39
70.69
77.14
75.35
71.30
68.56
71.18
77.51
72.26
78.09
67.40
72.74
66.31
72.68
68.23
70.02
72.26
71.57
66.31
65.95
70.71
76.37
65.22
70.36
76.55
80.32
71.79
71.46
67.74
73.94
72.24
61.79
65.16
76.55
69.40
72.62
71.92
67.45
63.13
72.98
69.41
75.24
69.64
71.79
70.48
72.32
67.95
72.30
68.21
74.76
72.50
72.51
73.91
75.43
68.86
82.24
73.84
71.95
69.07
75.00
82.57
80.36
66.83
77.01
66.63
68.22
72.50
65.62
73.45
66.71
74.02
70.36
74.11
63.86
76.53
71.55
68.01
77.10
72.18
75.24
71.38
74.40
74.52
77.06
74.61
75.61
80.71
75.85
69.83
68.45
70.13
72.55
69.14
79.11
70.84
70.00
68.48
78.56
72.91
70.22
81.19
70.87
74.79
70.91
76.77
71.49
66.05
66.79
73.89
66.91
72.22
67.74
58.68
74.79
69.64
75.93
76.00
74.91
72.57
75.48
66.95
66.79
68.93
67.70
68.33
76.19
67.50
69.52
61.60
71.55
75.18
85.10
