44.29
35.00
32.99
40.36
39.71
66.20
57.50
40.00
46.53
34.98
46.71
12.37
61.43
33.33
60.36
23.26
24.63
29.73
38.19
25.00
52.08
31.58
13.89
44.79
43.57
25.36
41.67
46.69
39.29
42.86
38.51
32.86
39.64
62.50
39.29
25.00
61.46
37.50
47.57
37.14
27.86
33.21
20.36
26.39
37.50
27.96
45.00
59.29
34.29
37.50
28.47
43.84
24.77
38.21
48.99
20.36
34.64
49.30
35.51
28.82
13.57
43.38
65.36
36.46
37.50
42.91
41.79
35.74
22.07
32.64
49.31
44.64
52.78
11.58
17.50
25.00
16.23
36.43
24.64
19.85
11.79
37.50
37.50
48.26
27.86
25.00
40.71
47.57
56.43
46.28
37.14
32.86
22.02
50.69
62.50
41.07
49.64
36.43
47.30
62.50
37.86
45.71
15.13
47.14
57.64
37.50
43.40
35.27
26.32
43.93
33.93
58.57
21.18
55.71
21.07
36.51
63.21
27.14
25.00
38.28
57.86
45.36
35.00
63.70
31.60
37.86
26.10
37.50
44.10
50.00
56.07
32.14
60.07
48.97
57.77
51.55
46.07
48.90
33.33
44.64
45.83
21.88
46.79
47.50
37.86
32.35
30.36
52.43
40.00
40.54
37.14
56.43
42.14
54.76
48.99
37.50
48.21
43.93
50.71
46.07
27.86
55.88
34.29
20.51
47.86
44.49
34.49
25.00
21.88
39.64
51.04
21.43
50.00
52.03
23.61
42.28
25.37
40.36
37.14
35.66
37.50
48.56
33.45
43.57
40.54
32.14
25.00
56.25
60.36
36.81
41.79
37.50
41.91
37.82
49.64
26.98
32.86
30.36
12.50
37.86
