23919.12
22504.09
23770.52
21436.60
21645.72
18360.19
20875.93
19299.96
17095.92
20266.99
17773.35
16117.16
18169.45
16226.88
19308.91
16074.71
17122.72
16576.62
19012.66
16467.27
20821.53
19318.98
24386.91
20585.26
19824.66
21721.26
19824.99
17762.34
17289.23
19823.35
21438.22
22954.06
22239.02
20016.11
23739.28
16873.88
19178.36
18396.05
16589.25
20327.94
21132.91
17913.45
22776.61
20767.98
19721.40
22332.85
22153.10
16845.56
16720.35
20309.52
16564.71
17543.63
20147.90
26864.12
21589.90
21099.62
21154.37
18215.57
18438.36
19185.16
17088.71
22381.34
19685.22
15376.09
18557.21
18132.44
18540.18
16477.01
22510.22
18311.93
21905.10
20804.78
18897.89
16680.48
17715.13
19576.83
14831.26
20679.96
21644.79
21721.78
22429.99
20273.32
22590.96
22999.58
26753.92
15663.81
17894.01
20075.45
25325.71
20164.30
21316.72
21383.73
22594.24
20673.71
23977.38
23706.08
19292.86
25519.18
18199.75
16275.20
