24248.49
24265.28
24263.08
24262.93
24265.55
24257.63
24278.57
24272.94
24260.93
24263.00
24259.60
24275.07
24272.84
24275.78
24256.81
24234.09
24260.76
24245.91
24250.22
24234.88
24234.68
24270.79
24236.68
24254.00
24237.19
24259.41
24248.57
24278.47
24261.55
24231.75
24267.72
24259.82
24232.77
24267.24
24255.95
24261.38
24270.45
24250.44
24245.82
24222.00
24253.03
24258.42
24263.18
24239.31
24260.12
24269.03
24253.80
24263.74
24262.47
24284.31
24251.71
24260.19
24241.29
24272.02
24260.50
24265.60
24253.07
24250.66
24271.38
24253.81
24278.68
24265.66
24283.30
24271.20
24257.78
24251.76
24242.71
24250.58
24270.50
24267.87
24264.49
24257.47
24251.26
24245.75
24261.55
24238.38
24289.96
24259.61
24255.14
24262.94
24277.05
24252.56
24258.70
24265.00
24281.34
24267.74
24263.46
24260.63
24264.02
24233.87
24255.40
24247.56
24253.83
24281.80
24271.21
24261.27
24263.87
24259.61
24253.29
24246.79
