47.64
49.04
49.08
43.19
45.43
51.91
41.63
46.34
51.32
41.79
43.01
42.15
49.22
44.16
45.16
45.38
42.24
47.18
45.14
43.01
37.22
42.10
48.00
43.54
44.53
39.25
46.89
46.32
42.20
46.00
46.56
50.57
47.89
43.11
37.68
42.22
45.70
45.36
40.71
49.59
46.20
45.57
41.39
40.23
41.08
47.07
47.92
53.90
40.99
54.84
48.50
40.51
50.40
44.87
48.33
47.22
39.25
45.08
43.36
47.34
43.92
48.44
50.93
48.89
54.31
44.34
45.27
47.26
42.30
41.80
51.65
47.11
45.08
45.31
50.45
45.30
45.68
42.07
47.01
45.50
43.94
49.65
46.24
45.07
45.14
41.24
40.02
55.77
41.84
48.83
45.56
50.46
45.78
39.74
47.54
48.92
48.47
49.93
42.29
49.72
40.83
38.45
39.66
46.47
46.66
45.05
42.48
51.32
49.64
44.43
34.90
42.82
48.25
49.53
48.61
44.30
41.98
39.66
39.73
42.20
51.43
51.79
46.44
48.19
46.07
44.66
40.32
48.57
45.35
39.72
44.31
46.41
48.45
40.68
43.57
41.23
40.46
50.16
40.15
46.57
48.78
43.23
51.00
46.35
53.96
48.42
47.10
43.04
48.37
42.40
47.99
52.87
40.50
45.03
41.67
43.15
45.86
45.30
46.24
43.67
44.11
54.48
44.99
39.67
41.26
49.86
44.97
51.60
50.28
47.23
49.03
49.00
47.03
43.19
50.48
47.72
40.93
44.09
47.91
53.24
44.91
51.96
48.56
37.08
41.21
47.66
36.48
40.70
50.75
54.62
45.06
51.19
40.37
50.00
47.53
44.97
41.86
45.98
39.23
47.26
