20.54
25.00
31.03
26.39
25.45
29.17
29.58
36.67
37.07
37.50
25.96
24.46
49.55
24.89
25.00
46.76
41.67
39.25
13.84
8.19
20.54
31.90
4.55
18.55
36.25
27.16
46.30
45.42
47.32
47.50
42.50
58.80
28.63
31.25
56.28
28.70
59.72
50.48
32.69
48.50
47.32
38.12
44.00
19.50
23.79
24.51
18.30
36.29
45.83
39.66
25.00
26.92
49.11
50.00
51.79
45.09
29.33
28.38
52.40
28.85
44.50
25.96
25.40
48.56
12.50
39.06
50.00
41.07
27.68
30.09
43.52
39.73
12.50
14.66
34.82
37.95
25.00
36.00
24.04
62.04
54.91
25.00
27.23
39.73
38.50
5.60
50.50
32.76
35.34
33.19
38.46
44.83
14.73
40.73
24.60
28.45
35.16
24.58
42.59
28.85
39.81
37.07
61.64
28.97
40.62
17.24
35.58
40.74
30.09
45.69
14.35
44.17
58.50
22.32
36.57
20.37
18.10
46.76
18.98
24.07
60.10
59.48
58.80
46.98
21.25
37.00
33.19
13.84
32.69
44.55
10.34
26.34
21.30
14.09
1.72
40.74
2.60
36.50
39.42
37.50
50.62
39.35
23.28
46.30
26.92
37.07
38.84
15.38
35.71
25.73
12.50
29.69
39.00
32.41
46.76
50.48
12.50
58.52
0.00
43.30
39.81
30.17
17.95
31.02
33.46
29.81
29.17
30.56
27.16
25.00
16.25
7.87
40.18
47.16
18.06
56.73
33.62
19.40
24.14
36.61
37.50
23.83
9.28
38.89
39.57
22.22
42.50
34.90
15.00
32.54
21.12
25.48
45.26
40.15
42.00
25.89
32.21
33.04
53.33
26.29
